('send> ', 'position')
position(-33.7,708.9,-415.0,178.6,-0.6,-43.4)
Aug/08 18:01:16 - Unable to parse position: position(-33.7,708.9,-415.0,178.6,-0.6,-43.4)
('send> ', 'message')
System OK for operation
('send> ', 'state')
state(0,0,0,DoubleGripper,SOAK,,0,0,-1,-1,-1,-1,9,11,-32768,-32768,,0,0,100.0,1,7,86.15965,89.0,87.0,0,0,0,0,0)
Aug/08 18:01:16 - Unable to parse state: state(0,0,0,DoubleGripper,SOAK,,0,0,-1,-1,-1,-1,9,11,-32768,-32768,,0,0,100.0,1,7,86.15965,89.0,87.0,0,0,0,0,0)
('send> ', 'di')
di(1,0,0,0,0,0,0,0,0,0,0,0,0,0,0,0,1,0,1,0,1,0,0,0,0,0,0,0,0,0,0,0,0,0,0,0,1,0,0,0,0,1,0,0,0,0,0,0,0,0,0,0,0,0,0,0,0,0,0,1,0,0,0,0,0,0,0,0,0,0,0,0,0,0,0,0,0,0,0,0,0,0,0,0,0,0,0,0,0,0,0,0,0,0,0,0,0,0,0,0)
('send> ', 'do')
do(0,0,0,0,0,0,0,0,1,1,0,0,0,0,0,1,0,0,0,0,0,0,0,0,1,0,0,0,0,1,0,0,0,0,0,0,0,0,0,0,0,0,0,1,0,0,0,0,0,0,0,0,0,0,0,0,1,1,1,1,1,1,1,1,1,1,1,1,1,1,1,1,1,1,1,1,1,1,1,1,1,1,1,1,1,0,0,0,0,0,0,0,0,0,0,0,0,0,0,0)
('send> ', 'position')
position(-33.7,708.9,-415.0,178.6,-0.6,-43.4)
Aug/08 18:01:17 - Unable to parse position: position(-33.7,708.9,-415.0,178.6,-0.6,-43.4)
('send> ', 'message')
System OK for operation
('send> ', 'state')
state(0,0,0,DoubleGripper,SOAK,,0,0,-1,-1,-1,-1,9,11,-32768,-32768,,0,0,100.0,1,7,86.41642,89.0,87.0,0,0,0,0,0)
Aug/08 18:01:17 - Unable to parse state: state(0,0,0,DoubleGripper,SOAK,,0,0,-1,-1,-1,-1,9,11,-32768,-32768,,0,0,100.0,1,7,86.41642,89.0,87.0,0,0,0,0,0)
('send> ', 'di')
di(1,0,0,0,0,0,0,0,0,0,0,0,0,0,0,0,1,0,1,0,1,0,0,0,0,0,0,0,0,0,0,0,0,0,0,0,1,0,0,0,0,1,0,0,0,0,0,0,0,0,0,0,0,0,0,0,0,0,0,1,0,0,0,0,0,0,0,0,0,0,0,0,0,0,0,0,0,0,0,0,0,0,0,0,0,0,0,0,0,0,0,0,0,0,0,0,0,0,0,0)
('send> ', 'do')
do(0,0,0,0,0,0,0,0,1,1,0,0,0,0,0,1,0,0,0,0,0,0,0,0,1,0,0,0,0,1,0,0,0,0,0,0,0,0,0,0,0,0,0,1,0,0,0,0,0,0,0,0,0,0,0,0,1,1,1,1,1,1,1,1,1,1,1,1,1,1,1,1,1,1,1,1,1,1,1,1,1,1,1,1,1,0,0,0,0,0,0,0,0,0,0,0,0,0,0,0)
('send> ', 'position')
position(-33.7,708.9,-415.0,178.6,-0.6,-43.4)
Aug/08 18:01:17 - Unable to parse position: position(-33.7,708.9,-415.0,178.6,-0.6,-43.4)
('send> ', 'message')
System OK for operation
('send> ', 'state')
state(0,0,0,DoubleGripper,SOAK,,0,0,-1,-1,-1,-1,9,11,-32768,-32768,,0,0,100.0,1,7,86.21622,89.0,87.0,0,0,0,0,0)
Aug/08 18:01:17 - Unable to parse state: state(0,0,0,DoubleGripper,SOAK,,0,0,-1,-1,-1,-1,9,11,-32768,-32768,,0,0,100.0,1,7,86.21622,89.0,87.0,0,0,0,0,0)
('send> ', 'di')
di(1,0,0,0,0,0,0,0,0,0,0,0,0,0,0,0,1,0,1,0,1,0,0,0,0,0,0,0,0,0,0,0,0,0,0,0,1,0,0,0,0,1,0,0,0,0,0,0,0,0,0,0,0,0,0,0,0,0,0,1,0,0,0,0,0,0,0,0,0,0,0,0,0,0,0,0,0,0,0,0,0,0,0,0,0,0,0,0,0,0,0,0,0,0,0,0,0,0,0,0)
('send> ', 'do')
do(0,0,0,0,0,0,0,0,1,1,0,0,0,0,0,1,0,0,0,0,0,0,0,0,1,0,0,0,0,1,0,0,0,0,0,0,0,0,0,0,0,0,0,1,0,0,0,0,0,0,0,0,0,0,0,0,1,1,1,1,1,1,1,1,1,1,1,1,1,1,1,1,1,1,1,1,1,1,1,1,1,1,1,1,1,0,0,0,0,0,0,0,0,0,0,0,0,0,0,0)
('send> ', 'position')
position(-33.7,708.9,-415.0,178.6,-0.6,-43.4)
Aug/08 18:01:18 - Unable to parse position: position(-33.7,708.9,-415.0,178.6,-0.6,-43.4)
('send> ', 'message')
System OK for operation
('send> ', 'state')
state(0,0,0,DoubleGripper,SOAK,,0,0,-1,-1,-1,-1,9,11,-32768,-32768,,0,0,100.0,1,7,86.11327,89.0,87.0,0,0,0,0,0)

